0
1694
1605
1514
1422
1331
1247
1169
1115
1107
1150
1261
1444
1681
1951
2220
2470
2677
2831
2934
2990
2998
2963
2896
2807
2699
2589
2478
2379
2290
2203
2125
2053
1977
1896
1815
1729
1648
1562
1476
1390
1328
1244
1168
1097
1050
1039
1082
1192
1375
1614
1893
2168
2428
2643
2811
2919
2979
2990
2958
2893
2806
2704
2593
2491
2399
2318
2244
2179
2113
2047
1976
1903
1822
1738
1654
1570
1488
1407
1323
1247
1176
1126
1110
1147
1247
1415
1640
1903
2173
2431
2649
2817
2935
2997
3016
2992
2937
2858
2761
2662
2559
2468
2386
2307
2239
2165
2092
2024
1948
1866
1785
1701
1622
1538
1454
1376
1294
1220
1165
1142
1171
1268
1436
1664
1929
2205
2465
2685
2859
2974
3039
3061
3034
2977
2890
2785
2672
2562
2457
2365
2281
2205
2129
2058
1982
1901
1817
1727
1640
1551
1465
1376
1286
1202
1121
1058
1021
1034
1113
1257
1467
1725
1997
2260
2505
2694
2829
2909
2928
2939
2917
2858
2772
2664
2551
2441
2336
2241
2158
2082
2015
1945
1872
1797
1718
1641
1557
1476
1393
1309
1228
1145
1072
1018
989
1013
1104
1261
1490
1764
2058
2341
2594
2794
2939
3028
3068
3060
3014
2936
2842
2737
2632
2535
2446
2368
2295
2225
2155
2082
2012
1932
1848
1762
1685
1601
1517
1433
1355
1278
1215
1181
1189
1255
1388
1588
1835
2097
2357
2588
2772
2903
2987
3021
3016
2971
2898
2801
2691
2575
2467
2365
2279
2197
2118
2047
1976
1901
1822
1738
1654
1570
1486
1402
1315
1229
1147
1073
1023
1013
1058
1176
1359
1606
1884
2163
2423
2638
2801
2911
2969
2982
2974
2937
2867
2774
2670
2562
2457
2363
2279
2202
2129
2063
1992
1913
1835
1754
1664
1580
1491
1407
1318
1234
1150
1073
1018
998
1026
1123
1294
1520
1788
2066
2323
2549
2722
2843
2908
2930
2913
2861
2783
2690
2588
2491
2399
2318
2244
2179
2116
2055
1995
1924
1856
1777
1701
1619
1538
1454
1376
1294
1220
1160
1136
1158
1244
1399
1622
1887
2166
2438
2677
2867
3000
3082
3116
3105
3055
2982
2882
2777
2667
2564
2470
2384
2305
2228
2153
2074
2000
1916
1827
1740
1651
1562
1472
1381
1292
1208
1134
1084
1076
1124
1241
1425
1664
1932
2197
2444
2643
2793
2885
2935
2935
2901
2830
2740
2633
2523
2415
2318
2231
2155
2081
2018
1950
1877
1803
1730
1701
1633
1551
1470
1386
1302
1218
1142
1071
1021
1005
1045
1152
1331
1572
1848
2129
2394
2617
2790
2906
2966
2982
2955
2900
2816
2714
2609
2507
2410
2326
2249
2181
2116
2050
1987
1919
1845
1766
1688
1609
1528
1449
1367
1289
1215
1158
1126
1139
1210
1355
1556
1806
2076
2339
2572
2759
2893
2971
3005
3000
2956
2888
2795
2698
2599
2504
2420
2344
2270
2202
2134
2063
1995
1919
1838
1759
1675
1596
1512
1428
1344
1262
1192
1142
1131
1178
1294
1478
1719
1990
2263
2517
2727
2885
2984
3037
3045
3011
2942
2853
2748
2638
2530
2428
2342
2263
2189
2118
2053
1979
1901
1822
1738
1649
1562
1472
1386
1297
1213
1131
1068
1034
1044
1091
1231
1444
1700
1980
2247
2489
2678
2813
2896
2926
2918
2866
2791
2691
2583
2473
2379
2338
2257
2174
2101
2034
1967
1897
1824
1748
1668
1589
1506
1425
1341
1261
1183
1107
1042
1005
1007
1075
1209
1417
1676
1966
2255
2519
2734
2896
3001
3052
3057
3025
2958
2871
2772
2670
2575
2492
2416
2349
2284
2217
2147
2077
2004
1923
1842
1762
1678
1595
1514
1431
1350
1282
1228
1209
1245
1347
1514
1738
1996
2260
2508
2718
2877
2982
3039
3052
3025
2966
2880
2775
2667
2559
2454
2362
2279
2201
2125
2050
1975
1891
1810
1724
1632
1546
1454
1368
1282
1196
1118
1053
1013
1021
1094
1234
1441
1703
1985
2260
2511
2710
2855
2947
2987
2982
2939
2866
2769
2662
2554
2449
2354
2271
2196
2125
2061
2034
1975
1905
1826
1748
1665
1581
1498
1411
1325
1239
1156
1083
1032
1021
1061
1174
1355
1595
1864
2136
2392
2607
2767
2874
2928
2942
2915
2853
2772
2675
2575
2478
2389
2309
2236
2171
2101
2039
1972
1899
1824
1748
1670
1592
1517
1436
1360
1282
1212
1161
1142
1172
1271
1436
1662
1929
2206
2473
2702
2877
3001
3073
3101
3079
3028
2950
2853
2748
2643
2543
2451
2370
2293
2217
2142
2064
1982
1899
1810
1718
1630
1538
1449
1357
1271
1188
1121
1072
1072
1129
1252
1444
1684
1953
2214
2451
2642
2788
2880
2920
2920
2882
2812
2718
2624
2580
2478
2373
2282
2198
2123
2055
1988
1918
1845
1770
1692
1611
1530
1447
1363
1280
1196
1118
1048
1000
986
1032
1142
1325
1568
1845
2123
2390
2613
2780
2893
2955
2966
2942
2882
2799
2702
2602
2503
2413
2336
2263
2198
2134
2069
2007
1934
1859
1781
1700
1619
1538
1457
1379
1301
1228
1172
1145
1164
1242
1387
1597
1848
2115
2373
2600
2777
2907
2985
3014
3004
2958
2888
2799
2699
2602
2510
2433
2360
2293
2225
2158
2088
2018
1939
1856
1789
1751
1668
1584
1495
1406
1325
1242
1177
1137
1140
1204
1339
1541
1791
2066
2335
2578
2772
2915
3006
3044
3044
3003
2934
2842
2737
2629
2524
2430
2346
2266
2193
2120
2047
1969
1889
1805
1718
1632
1546
1460
1374
1245
1160
1081
1023
1001
1029
1129
1297
1527
1806
2087
2357
2590
2767
2892
2957
2980
2957
2898
2812
2710
2602
2494
2394
2303
2224
2150
2076
2011
1931
1851
1772
1686
1601
1516
1430
1348
1265
1186
1115
1052
1021
1038
1120
1271
1493
1769
2070
2363
2628
2841
2994
3088
3131
3125
3080
3006
2912
2812
2710
2616
2534
2451
2385
2318
2249
2177
2100
2025
1937
1851
1765
1677
1588
1502
1417
1336
1267
1220
1211
1259
1372
1555
1790
2058
2324
2567
2770
2919
3010
3057
3057
3019
2946
2853
2744
2634
2523
2424
2332
2255
2177
2102
2031
1956
1873
1787
1699
1610
1522
1433
1345
1256
1173
1095
1035
1007
1026
1115
1276
1502
1779
2067
2346
2584
2772
2905
2980
3005
2985
2930
2850
2750
2648
2604
2509
2413
2327
2252
2183
2114
2050
1978
1898
1815
1726
1638
1549
1455
1367
1284
1198
1123
1060
1021
1032
1101
1239
1450
1707
1989
2268
2518
2719
2863
2952
2991
2985
2941
2869
2778
2678
2579
2487
2404
2335
2271
2211
2147
2078
2011
1931
1848
1762
1677
1591
1505
1425
1342
1267
1206
1167
1167
1237
1367
1569
1823
2106
2385
2642
2850
3005
3101
3148
3148
3107
3032
2936
2827
2717
2609
2512
2426
2349
2274
2202
2127
2053
1970
1881
1790
1699
1605
1511
1422
1334
1248
1173
1118
1101
1140
1242
1419
1652
1923
2191
2449
2665
2825
2930
2988
2996
2961
2897
2803
2695
2584
2479
2373
2293
2220
2155
2090
2031
1959
1886
1805
1718
1632
1544
1454
1368
1282
1199
1126
1067
1045
1061
1093
1199
1377
1611
1888
2171
2440
2664
2837
2955
3017
3034
3006
2944
2858
2761
2656
2556
2467
2389
2322
2260
2201
2141
2077
2012
1937
1859
1778
1692
1605
1525
1441
1360
1288
1234
1207
1234
1323
1484
1702
1961
2228
2487
2707
2880
3001
3066
3082
3060
3004
2917
2815
2710
2605
2516
2433
2365
2303
2244
2182
2117
2047
1969
1886
1797
1705
1611
1517
1425
1336
1253
1191
1161
1180
1263
1420
1635
1897
2171
2438
2670
2853
2977
3052
3077
3058
3004
2917
2818
2705
2592
2492
2397
2319
2252
2187
2120
2053
1980
1902
1815
1727
1635
1515
1419
1325
1228
1146
1072
1029
1035
1103
1245
1456
1720
2005
2286
2534
2733
2875
2960
2992
2980
2926
2844
2804
2707
2590
2477
2374
2283
2207
2141
2079
2022
1957
1883
1803
1717
1626
1535
1439
1348
1260
1174
1095
1032
1004
1023
1106
1265
1495
1775
2073
2363
2619
2826
2972
3063
3102
3094
3046
2969
2875
2767
2642
2545
2459
2385
2321
2260
2200
2136
2064
1995
1912
1826
1738
1649
1560
1472
1389
1308
1245
1211
1223
1297
1444
1652
1903
2172
2435
2659
2839
2958
3032
3055
3035
2982
2900
2800
2684
2570
2462
2368
2282
2205
2136
2067
2003
1928
1851
1768
1682
1588
1497
1403
1309
1217
1129
1051
1007
1004
1060
1192
1397
1657
1942
2219
2473
2678
2827
2921
2966
2960
2916
2839
2739
2628
2518
2410
2313
2233
2161
2094
2034
1970
1898
1823
1743
1655
1566
1477
1383
1292
1201
1115
1040
988
974
1021
1134
1322
1563
1840
2117
2363
2448
2620
2767
2858
2894
2888
2844
2767
2667
2556
2443
2338
2247
2166
2102
2048
1995
1940
1881
1815
1746
1674
1596
1519
1441
1364
1286
1212
1151
1115
1117
1184
1319
1522
1779
2061
2338
2589
2794
2941
3035
3074
3071
3027
2949
2850
2739
2623
2515
2415
2330
2252
2180
2111
2045
1973
1895
1815
1729
1643
1555
1466
1378
1289
1203
1129
1076
1063
1104
1212
1389
1624
1895
2163
2412
2617
2772
2863
2908
2905
2861
2783
2684
2570
2441
2333
2236
2152
2085
2028
1972
1915
1856
1794
1724
1651
1571
1490
1406
1320
1234
1150
1072
1018
997
1018
1056
1169
1360
1622
1918
2198
2460
2672
2828
2931
2979
2977
2933
2861
2764
2651
2538
2432
2338
2257
2193
2134
2080
2031
1974
1913
1845
1775
1703
1630
1549
1474
1395
1317
1250
1201
1183
1218
1315
1481
1702
1958
2220
2467
2675
2828
2934
2985
2987
2955
2888
2799
2697
2592
2492
2400
2322
2257
2195
2136
2080
2020
1953
1883
1805
1724
1643
1560
1476
1393
1309
1234
1175
1148
1172
1261
1422
1646
1913
2182
2443
2667
2834
2944
3001
3009
2976
2909
2820
2710
2597
2489
2386
2300
2225
2160
2098
2039
1977
1910
1837
1759
1655
1567
1479
1388
1297
1211
1129
1061
1018
1018
1086
1220
1424
1686
1971
2246
2491
2690
2826
2903
2932
2912
2858
2818
2744
2633
2511
2394
2289
2198
2121
2056
1999
1942
1880
1814
1743
1669
1590
1504
1422
1336
1254
1174
1098
1032
995
1003
1072
1208
1419
1686
1979
2272
2539
2755
2909
3009
3051
3043
2994
2918
2815
2707
2596
2497
2409
2338
2272
2215
2164
2101
2039
1974
1897
1817
1735
1649
1564
1482
1396
1317
1248
1202
1197
1245
1359
1541
1780
2050
2317
2565
2769
2915
3011
3051
3048
3000
2923
2824
2710
2593
2479
2380
2289
2215
2144
2079
2019
1945
1871
1791
1706
1621
1533
1444
1353
1265
1180
1100
1040
1015
1038
1129
1294
1527
1800
2090
2363
2599
2778
2903
2966
2980
2952
2903
2866
2767
2656
2536
2425
2326
2238
2167
2104
2047
1988
1922
1851
1772
1692
1604
1518
1427
1339
1251
1166
1086
1021
981
989
1060
1200
1410
1675
1962
2241
2497
2698
2843
2929
2966
2954
2901
2821
2721
2616
2511
2411
2329
2261
2201
2147
2093
2039
1979
1908
1834
1755
1672
1590
1504
1425
1339
1265
1200
1160
1157
1217
1345
1544
1803
2090
2377
2642
2855
3014
3114
3159
3156
3114
3037
2934
2821
2707
2599
2502
2417
2343
2275
2207
2138
2067
1993
1905
1814
1723
1626
1532
1439
1342
1254
1174
1114
1089
1112
1206
1368
1595
1865
2141
2405
2633
2801
2915
2974
2983
2952
2902
2833
2733
2620
2504
2396
2296
2213
2141
2080
2028
1967
1903
1831
1757
1677
1594
1508
1422
1334
1245
1162
1084
1021
988
1002
1079
1234
1452
1721
2011
2294
2543
2739
2880
2958
2985
2969
2913
2830
2722
2612
2504
2404
2321
2249
2188
2133
2083
2028
1964
1898
1823
1746
1668
1588
1505
1425
1345
1270
1203
1162
1156
1206
1328
1510
1754
2025
2296
2545
2747
2897
2991
3030
3024
2982
2908
2814
2711
2609
2512
2426
2357
2291
2233
2172
2108
2042
1973
1890
1810
1721
1638
1549
1461
1372
1289
1212
1157
1134
1165
1267
1436
1668
1942
2222
2490
2714
2880
2988
3046
3054
3024
2957
2864
2756
2645
2537
2438
2349
2271
2202
2135
2059
1980
1889
1793
1693
1588
1480
1372
1258
1143
1024
904
781
655
529
395
283
178
82
9
1
1
1
1
1
1
1
1
14
55
96
137
178
213
248
281
307
331
351
371
392
409
433
453
474
497
521
544
576
620
699
834
1044
1345
1731
2176
2650
3097
3472
3749
3937
3468
3483
3457
3405
3367
3297
3219
3152
3102
3065
3023
2983
2943
2901
2851
2793
2728
2655
2578
2499
2419
2342
2267
2198
2131
2068
2018
1974
1943
1935
1962
2031
2139
2287
2459
2632
2789
2918
3010
3064
3081
3056
2998
2919
2825
2724
2624
2532
2455
2388
2333
2285
2239
2193
2143
2093
2045
1991
1932
1874
1811
1751
1769
1724
1686
1664
1667
1704
1784
1906
2061
2231
2400
2556
2678
2767
2818
2839
2832
2801
2754
2696
2632
2572
2516
2468
2428
2392
2358
2325
2291
2252
2208
2163
2113
2061
2012
1960
1908
1856
1804
1756
1718
1696
1699
1739
1817
1932
2070
2221
2368
2493
2590
2655
2693
2699
2684
2649
2600
2543
2484
2428
2405
2361
2320
2286
2255
2226
2195
2161
2122
2081
2041
1994
1947
1899
1851
1804
1758
1719
1692
1683
1706
1770
1872
2010
2166
2330
2483
2610
2707
2770
2803
2806
2788
2751
2702
2644
2584
2525
2471
2426
2382
2343
2304
2262
2218
2171
2119
2067
2016
1961
1906
1849
1794
1739
1690
1649
1626
1630
1671
1750
1865
2005
2155
2303
2680
2845
2958
3023
3039
3017
2963
2882
2786
2680
2578
2483
2400
2328
2263
2204
2141
2080
2018
1948
1872
1792
1711
1627
1541
1454
1374
1296
1231
1193
1204
1274
1417
1622
1878
2152
2424
2667
2858
2996
3076
3106
3095
3044
2963
2866
2759
2656
2559
2478
2408
2344
2287
2228
2166
2099
2031
1959
1880
1799
1721
1641
1533
1456
1430
1365
1302
1268
1282
1353
1490
1698
1951
2221
2491
2727
2915
3048
3131
3162
3148
3100
3020
2926
2824
2721
2627
2545
2474
2411
2352
2292
2226
2156
2079
2002
1911
1820
1726
1629
1532
1439
1351
1280
1240
1251
1328
1476
1700
1971
2258
2539
2787
2983
3119
3202
3231
3216
3157
3071
2963
2846
2730
2619
2536
2448
2372
2299
2228
2152
2073
1995
1907
1813
1717
1620
1524
1427
1333
1243
1164
1114
1111
1164
1293
1488
1743
2021
2302
2550
2752
2896
2986
3021
3013
2969
2939
2857
2749
2632
2518
2413
2319
2237
2167
2103
2041
1977
1904
1828
1740
1649
1562
1468
1374
1284
1196
1114
1053
1021
1038
1123
1287
1524
1811
2118
2402
2653
2858
3007
3099
3137
3137
3093
3021
2930
2825
2720
2620
2531
2454
2385
2318
2252
2185
2111
2036
1959
1876
1787
1704
1616
1530
1447
1367
1303
1261
1267
1331
1463
1660
1903
2163
2421
2645
2825
2952
3030
3052
3032
2974
2883
2764
2634
2501
2371
2257
2158
2072
2000
1928
1856
1779
1701
1624
1552
1477
1408
1347
1295
1253
1220
1187
1157
1115
1060
993
907
819
741
683
631
589
564
550
542
542
545
553
561
567
576
578
581
578
576
576
570
570
573
576
584
589
600
609
617
628
644
703
727
772
855
1007
1237
1552
1939
2357
2778
3154
3456
3672
3804
3871
3879
3846
3785
3710
3635
3569
3494
3349
3286
3229
3166
3095
3019
2932
2837
2738
2635
2533
2433
2339
2244
2158
2071
1990
1911
1840
1788
1766
1793
1874
2008
2184
2381
2578
2748
2877
2961
3000
2992
2948
2853
2733
2593
2441
2289
2145
2016
1900
1801
1706
1617
1533
1449
1365
1281
1197
1108
1021
935
851
767
690
627
590
591
667
814
1016
1262
1659
1854
2028
2165
2268
2327
2353
2351
2325
2280
2224
2161
2100
2043
1992
1945
1900
1860
1821
1786
1742
1701
1658
1610
1563
1516
1467
1417
1368
1321
1282
1254
1250
1278
1360
1486
1646
1827
2008
2165
2299
2404
2475
2510
2520
2504
2467
2415
2356
2295
2238
2185
2140
2101
2063
2032
1996
1959
1919
1880
1835
1791
1750
1703
1657
1611
1570
1539
1524
1541
1599
1707
1856
2038
2237
2430
2604
2747
2853
2922
2936
2956
2957
2954
2928
2889
2847
2806
2774
2754
2745
2745
2747
2747
2739
2704
2652
2586
2511
2432
2351
2269
2192
2128
2074
2036
2013
2022
2067
2158
2285
2443
2611
2772
2913
3019
3090
3118
3106
3061
2994
2905
2807
2706
2806
2682
2572
2478
2394
2318
2244
2171
2095
2021
1945
1869
1790
1712
1635
1556
1483
1417
1365
1346
1373
1459
1612
1822
2066
2321
2565
2772
2932
3040
3102
3124
3105
3058
2990
2909
2819
2730
2654
2583
2509
2441
2373
2305
2242
2168
2084
2003
1913
1822
1733
1643
1565
1488
1420
1370
1355
1381
1464
1609
1814
2050
2313
2565
2783
2952
3071
3140
3165
3146
3093
3016
2919
2816
2714
2623
2526
2440
2363
2302
2244
2183
2119
2053
1981
1906
1826
1746
1666
1585
1508
1433
1375
1350
1372
1458
1613
1832
2086
2357
2614
2839
3013
3138
3210
3234
3220
3171
3093
2996
2888
2769
2650
2540
2440
2349
2263
2175
2094
2020
1937
1848
1760
1671
1580
1489
1400
1317
1236
1170
1128
1134
1198
1328
1522
1762
2014
2260
2473
2648
2767
2833
2858
2836
2786
2706
2609
2501
2399
2302
2216
2141
2080
2025
1967
1903
1834
1757
1679
1594
1505
1422
1334
1245
1162
1084
1021
982
985
1049
1181
1381
1630
1904
2169
2407
2603
2750
2838
2877
2872
2833
2761
2670
2567
2465
2377
2289
2218
2156
2096
2042
1982
1914
1840
1760
1681
1595
1510
1425
1339
1260
1180
1114
1069
1063
1115
1226
1399
1626
1879
2124
2352
2539
2673
2758
2784
2801
2789
2747
2676
2582
2482
2380
2286
2204
2127
2062
2005
1939
1877
1806
1732
1652
1567
1482
1393
1308
1220
1135
1055
987
941
935
987
1103
1311
1570
1846
2138
2400
2607
2761
2854
2900
2897
2857
2779
2683
2571
2457
2349
2252
2168
2099
2036
1978
1915
1849
1774
1695
1611
1524
1436
1346
1259
1171
1084
1006
943
912
927
1006
1174
1406
1680
1966
2228
2448
2613
2731
2791
2806
2782
2722
2638
2538
2430
2330
2237
2156
2093
2026
1969
1906
1838
1764
1651
1564
1472
1379
1289
1189
1114
1054
1018
1024
1090
1225
1442
1716
2011
2291
2541
2743
2893
2984
3029
3023
2996
2969
2894
2800
2701
2601
2508
2430
2361
2297
2243
2183
2120
2051
1981
1900
1816
1731
1641
1554
1463
1376
1289
1210
1153
1132
1159
1192
1301
1481
1719
1981
2243
2484
2680
2818
2906
2945
2939
2900
2827
2752
2640
2531
2426
2336
2255
2187
2125
2063
2004
1936
1858
1774
1684
1594
1501
1408
1318
1225
1141
1060
998
965
986
1070
1228
1461
1743
2047
2339
2600
2801
2944
3028
3056
3037
2978
2891
2783
2665
2553
2448
2357
2286
2218
2162
2100
2041
1973
1898
1815
1728
1641
1548
1455
1362
1275
1188
1113
1057
1036
1070
1198
1370
1608
1885
2168
2445
2677
2854
2972
3035
3047
3017
2954
2860
2755
2647
2541
2448
2373
2303
2249
2192
2135
2069
2005
1930
1852
1767
1683
1599
1515
1430
1352
1277
1213
1177
1183
1250
1388
1596
1861
2147
2439
2701
2915
3068
3162
3201
3195
3143
3065
2966
2851
2737
2629
2529
2445
2370
2300
2231
2159
2081
2002
1915
1819
1722
1623
1524
1427
1331
1235
1147
1075
1033
1036
1099
1231
1439
1701
1987
2270
2526
2731
2872
2957
2987
2969
2909
2818
2710
2589
2472
2364
2267
2189
2123
2063
2008
1945
1879
1807
1728
1647
1560
1469
1379
1286
1195
1105
1027
961
924
940
1018
1174
1412
1719
2038
2345
2616
2830
2984
3045
3074
3059
3006
2925
2822
2717
2615
2521
2439
2372
2313
2255
2196
2135
2068
2000
1921
1839
1758
1676
1588
1506
1424
1342
1269
1211
1185
1188
1219
1319
1486
1720
1989
2270
2536
2761
2931
3044
3100
3109
3074
3009
2916
2811
2699
2594
2498
2413
2334
2264
2199
2129
2059
1983
1898
1810
1720
1626
1532
1439
1345
1277
1191
1120
1063
1047
1083
1186
1359
1601
1883
2170
2440
2673
2841
2955
3011
3014
2980
2954
2883
2781
2667
2553
2448
2354
2275
2209
2153
2096
2039
1979
1908
1834
1755
1669
1581
1490
1405
1314
1228
1146
1072
1020
1004
1041
1149
1322
1558
1834
2116
2374
2590
2755
2858
2903
2906
2864
2795
2704
2602
2499
2403
2318
2249
2192
2138
2087
2039
1982
1922
1854
1780
1703
1624
1544
1470
1391
1314
1240
1177
1137
1135
1188
1311
1501
1757
2039
2329
2596
2818
2980
3083
3131
3131
3091
3017
2926
2824
2721
2627
2545
2468
2406
2346
2286
2224
2153
2079
1999
1914
1823
1729
1635
1541
1450
1359
1274
1200
1151
1146
1194
1311
1496
1737
2008
2277
2525
2724
2866
2955
2994
2986
2937
2861
2764
2656
2548
2448
2357
2281
2215
2153
2096
2033
1968
1897
1817
1735
1649
1561
1473
1388
1300
1217
1140
1072
1029
1023
1078
1200
1393
1646
1934
2221
2485
2701
2863
2963
3008
3005
2963
2889
2795
2687
2579
2480
2397
2320
2258
2198
2144
2084
2025
1954
1880
1800
1720
1635
1555
1470
1391
1311
1234
1169
1126
1123
1177
1297
1484
1732
2008
2286
2542
2752
2906
2997
3040
3034
2992
2921
2824
2721
2622
2531
2448
2377
2312
2255
2198
2141
2076
2013
1939
1863
1780
1695
1612
1527
1501
1430
1351
1280
1220
1186
1200
1274
1419
1629
1894
2175
2451
2696
2889
3023
3102
3128
3108
3054
2969
2866
2752
2644
2542
2454
2380
2315
2252
2190
2121
2053
1976
1894
1808
1717
1623
1530
1439
1348
1262
1180
1114
1075
1077
1143
1282
1481
1735
2013
2283
2528
2719
2858
2937
2966
2952
2898
2815
2713
2604
2494
2400
2312
2241
2175
2118
2062
2002
1934
1857
1777
1695
1609
1521
1433
1345
1260
1180
1103
1040
1006
1023
1100
1248
1467
1743
2042
2335
2596
2804
2949
3040
3071
3057
3006
2923
2829
2727
2627
2539
2463
2397
2343
2289
2235
2175
2110
2039
1965
1880
1794
1709
1624
1538
1459
1379
1305
1248
1223
1243
1325
1476
1692
1951
2224
2491
2715
2784
2918
3026
3079
3085
3051
2986
2892
2787
2678
2573
2477
2392
2320
2252
2187
2119
2056
1984
1906
1829
1743
1660
1572
1489
1403
1317
1236
1167
1109
1090
1118
1214
1378
1607
1876
2155
2418
2642
2811
2922
2974
2980
2944
2874
2781
2673
2565
2460
2368
2291
2224
2166
2105
2050
1986
1917
1837
1754
1668
1583
1489
1400
1317
1231
1153
1082
1029
1013
1029
1065
1176
1350
1585
1859
2133
2390
2606
2767
2872
2921
2924
2886
2817
2725
2626
2526
2435
2357
2294
2238
2191
2142
2089
2036
1975
1906
1834
1754
1671
1588
1505
1425
1342
1270
1209
1170
1170
1234
1364
1563
1812
2094
2371
2626
2828
2977
3071
3110
3104
3060
2985
2891
2789
2687
2590
2507
2434
2368
2307
2244
2180
2105
2031
1953
1867
1779
1688
1599
1505
1399
1308
1226
1157
1111
1109
1171
1299
1498
1749
2025
2295
2539
2736
2872
2952
2980
2957
2901
2815
2713
2599
2488
2389
2301
2224
2161
2101
2047
1991
1922
1854
1777
1698
1609
1524
1433
1342
1251
1169
1086
1026
989
1001
1075
1222
1436
1703
1993
2275
2534
2735
2883
2969
3000
2983
2929
2844
2744
2633
2528
2437
2355
2289
2232
2178
2124
2067
2008
1939
1866
1789
1706
1624
1544
1459
1382
1305
1237
1185
1180
1166
1197
1291
1456
1677
1945
2218
2479
2704
2872
2986
3043
3051
3023
2960
2878
2781
2684
2591
2511
2440
2380
2323
2266
2209
2144
2070
1999
1914
1826
1735
1644
1552
1461
1370
1288
1214
1168
1157
1209
1325
1513
1760
2036
2315
2576
2786
2940
3037
3080
3074
3026
2946
2843
2733
2619
2511
2420
2343
2272
2209
2150
2087
2025
1954
1877
1794
1709
1621
1533
1444
1353
1268
1186
1115
1072
1063
1115
1234
1425
1675
1948
2221
2471
2673
2821
2915
2955
2946
2898
2821
2721
2613
2505
2403
2315
2241
2175
2116
2059
2002
1934
1863
1789
1706
1611
1524
1442
1354
1272
1196
1126
1076
1070
1056
1091
1196
1369
1606
1895
2194
2480
2729
2922
3056
3129
3147
3124
3065
2977
2875
2770
2667
2582
2503
2442
2384
2325
2267
2199
2126
2053
1971
1883
1796
1708
1617
1527
1442
1360
1290
1243
1237
1290
1407
1594
1840
2115
2389
2644
2852
2998
3088
3127
3118
3068
2989
2860
2752
2639
2533
2440
2360
2286
2221
2156
2087
2022
1942
1863
1777
1692
1604
1518
1430
1342
1257
1166
1078
989
907
827
748
677
608
563
531
506
483
469
458
449
444
444
446
449
455
463
469
478
486
492
503
512
520
532
543
554
571
583
594
606
617
631
648
673
734
839
1012
1317
1651
2044
2465
2877
3235
3507
3701
3815
3849
3834
3785
3745
3666
3583
3505
3416
3338
3273
3219
3165
3111
3047
2974
2893
2801
2707
2610
2508
2413
2322
2230
2149
2072
2002
1937
1894
1872
1894
1967
2088
2268
2486
2712
2928
3111
3251
3324
3343
3314
3241
3138
3017
2882
2753
2632
2529
2446
2376
2311
2252
2193
2117
2065
2013
1956
1897
1836
1775
1710
1649
1588
1531
1492
1477
1507
1588
1725
1912
2128
2356
2570
2751
2888
2975
3019
3025
2997
2942
2873
2792
2709
2633
2565
2509
2459
2415
2372
2328
2278
2226
2167
2106
2045
1980
1912
1845
1777
1710
1644
1586
1542
1523
1540
1605
1723
1882
2069
2263
2448
2601
2718
2794
2829
2728
2705
2686
2639
2573
2504
2438
2377
2326
2284
2248
2216
2184
2148
2110
2066
2024
1977
1924
1871
1818
1765
1712
1662
1619
1589
1579
1607
1680
1797
1954
2136
2326
2502
2648
2762
2836
2872
2880
2859
2817
2760
2698
2633
2571
2516
2468
2424
2386
2348
2305
2259
2208
2154
2097
2036
1975
1911
1846
1786
1725
1670
1551
1517
1522
1571
1671
1820
2001
2201
2397
2570
2706
2802
2853
2871
2855
2813
2746
2669
2586
2504
2426
2359
2301
2247
2201
2152
2101
2047
1992
1929
1865
1798
1731
1662
1595
1531
1468
1418
1382
1382
1424
1520
1673
1867
2087
2305
2508
2673
2795
2871
2906
2906
2873
2815
2742
2660
2579
2501
2432
2372
2321
2272
2278
2212
2147
2073
2005
1920
1837
1752
1666
1581
1499
1413
1342
1285
1263
1288
1373
1527
1743
1993
2260
2516
2736
2904
3020
3085
3102
3079
3057
2994
2906
2804
2698
2605
2517
2440
2377
2317
2261
2204
2138
2067
1999
1917
1831
1743
1655
1570
1487
1408
1334
1282
1265
1302
1402
1575
1805
2070
2352
2616
2838
3009
3156
3223
3235
3206
3144
3050
2939
2819
2705
2603
2509
2427
2354
2281
2211
2135
2053
1971
1878
1781
1684
1585
1491
1392
1298
1213
1138
1088
1085
1143
1269
1468
1717
1995
2267
2512
2714
2855
2939
2975
2960
2907
2825
2717
2603
2486
2378
2284
2202
2132
2068
2009
1942
1872
1798
1717
1635
1547
1459
1371
1284
1199
1117
1044
997
986
1038
1158
1354
1614
1913
2217
2498
2737
2916
3036
3095
3103
3068
3001
2966
2875
2767
2653
2550
2459
2381
2313
2252
2190
2123
2056
1986
1904
1816
1728
1638
1547
1459
1371
1290
1219
1167
1155
1193
1299
1477
1714
1986
2264
2524
2746
2907
3015
3065
3071
3033
2957
2860
2746
2626
2515
2416
2325
2235
2169
2102
2039
1967
1890
1807
1721
1630
1538
1450
1361
1275
1192
1115
1057
1026
1040
1118
1267
1483
1746
2028
2302
2540
2730
2864
2938
2961
2938
2880
2792
2684
2573
2462
2360
2274
2199
2136
2075
2023
1959
1892
1818
1740
1660
1572
1483
1394
1306
1217
1129
1051
996
977
1010
1112
1278
1505
1768
2039
2288
2495
2653
2753
2803
2805
2770
2703
2617
2515
2415
2319
2238
2166
2105
2059
2011
1962
1906
1845
1779
1707
1632
1552
1474
1394
1314
1236
1167
1112
1090
1112
1203
1356
1574
1843
2125
2399
2639
2828
2958
3030
3055
3038
2982
2900
2803
2700
2598
2507
2426
2351
2285
2224
2158
2086
2017
1934
1848
1760
1671
1580
1489
1382
1297
1214
1143
1094
1081
1094
1151
1274
1465
1712
1985
2255
2502
2698
2838
2923
2955
2937
2884
2801
2698
2587
2474
2371
2278
2201
2133
2070
2016
1954
1888
1814
1738
1658
1570
1484
1393
1302
1211
1126
1046
984
956
972
1057
1220
1447
1723
2022
2303
2551
2747
2878
2952
2969
2940
2878
2784
2670
2553
2437
2334
2244
2170
2104
2047
1993
1931
1866
1797
1723
1647
1567
1487
1402
1322
1246
1172
1106
1063
1055
1098
1211
1391
1623
1897
2172
2431
2644
2807
2909
2957
2957
2920
2852
2761
2659
2562
2468
2386
2320
2261
2204
2153
2096
2033
1965
1891
1811
1726
1641
1555
1470
1385
1305
1234
1174
1143
1157
1234
1379
1595
1860
2141
2414
2659
2849
2980
3054
3074
3048
2989
2897
2787
2667
2553
2448
2357
2281
2209
2147
2082
2019
1948
1874
1791
1706
1615
1524
1433
1345
1257
1169
1092
1032
1024
1015
1046
1146
1316
1549
1820
2101
2360
2579
2744
2849
2900
2903
2864
2792
2693
2587
2477
2371
2280
2201
2135
2079
2027
1968
1905
1837
1766
1686
1607
1521
1436
1353
1271
1191
1115
1049
1006
1006
1066
1197
1396
1658
1954
2244
2513
2735
2895
2994
3037
3034
2992
2915
2818
2715
2613
2517
2434
2366
2306
2252
2198
2141
2076
2011
1931
1851
1766
1681
1595
1510
1430
1354
1282
1228
1197
1217
1296
1447
1658
1917
2189
2457
2690
2869
2988
3051
3068
3037
2972
2880
2775
2687
2633
2525
2428
2346
2269
2201
2138
2070
2005
1928
1846
1760
1672
1584
1496
1405
1319
1234
1152
1083
1032
1023
1063
1174
1356
1601
1883
2164
2434
2653
2818
2923
2969
2963
2920
2844
2744
2633
2525
2423
2329
2255
2190
2130
2073
2022
1957
1885
1811
1729
1644
1558
1470
1382
1297
1214
1135
1072
1023
1018
1069
1186
1374
1615
1891
2167
2425
2636
2790
2884
2923
2917
2872
2792
2695
2590
2485
2389
2309
2244
2187
2138
2090
2039
1985
1922
1848
1772
1692
1612
1530
1447
1368
1291
1223
1168
1146
1171
1257
1410
1629
1897
2175
2454
2693
2880
3011
3082
3105
3082
3026
2946
2849
2750
2650
2565
2491
2423
2363
2300
2235
2164
2084
2005
1917
1820
1729
1632
1541
1450
1359
1277
1200
1143
1120
1146
1234
1390
1612
1871
2138
2397
2613
2775
2884
2938
2943
2906
2883
2815
2715
2604
2494
2389
2298
2221
2156
2096
2042
1985
1922
1851
1777
1695
1609
1524
1439
1351
1265
1183
1106
1043
1001
998
1055
1183
1376
1626
1911
2192
2448
2659
2834
2930
2969
2957
2907
2861
2802
2697
2585
2477
2381
2299
2231
2170
2117
2062
2009
1948
1877
1804
1722
1638
1553
1468
1383
1301
1225
1155
1100
1073
1088
1167
1316
1526
1790
2071
2346
2585
2773
2904
2977
2998
2977
2919
2837
2740
2641
2544
2462
2392
2331
2278
2223
2167
2106
2038
1965
1883
1798
1708
1620
1527
1439
1354
1272
1199
1146
1132
1167
1269
1448
1685
1960
2240
2506
2729
2893
3001
3048
3051
3009
2933
2834
2726
2612
2503
2410
2328
2261
2196
2138
2076
2012
1942
1863
1775
1687
1597
1503
1410
1322
1234
1149
1076
1027
1012
1053
1161
1339
1576
1854
2129
2386
2600
2758
2854
2896
2893
2849
2773
2676
2568
2460
2357
2272
2193
2132
2073
2021
1962
1898
1828
1752
1673
1588
1506
1421
1339
1263
1196
1152
1141
1187
1287
1454
1670
1916
2155
2372
2539
2647
2682
2656
2582
2474
2349
2220
2103
2015
1948
1898
1866
1837
1805
1766
1717
1658
1591
1515
1439
1360
1284
1211
1140
1073
1009
950
901
880
880
918
1015
1184
1427
1737
2080
2428
2746
3006
3200
3328
3396
3413
3384
3322
3235
3138
3039
2936
2849
2767
2691
2620
2550
2480
2401
2319
2231
2141
2050
1957
1860
1766
1676
1585
1500
1418
1354
1310
1307
1363
1483
1667
1895
2141
2392
2606
2779
2898
2963
2978
2951
2887
2799
2694
2594
2550
2462
2386
2337
2317
2319
2343
2381
2427
2471
2504
2521
2457
2419
2354
2255
2134
1996
1840
1686
1551
1448
1410
1441
1551
1732
1960
2198
2426
2616
2746
2820
2838
2805
2731
2621
2488
2344
2201
2070
1958
1856
1771
1692
1617
1543
1466
1387
1305
1228
1149
1072
998
924
849
775
704
655
637
655
729
867
1072
1338
1638
1937
2211
2442
2613
2723
2780
2787
2756
2692
2603
2506
2406
2316
2237
2170
2111
2063
2042
1994
1932
1866
1799
1725
1651
1579
1507
1436
1369
1294
1218
1141
1069
1013
995
1039
1167
1371
1630
1914
2178
2403
2575
2680
2723
2715
2670
2593
2490
2375
2252
2132
2022
1922
1830
1745
1668
1594
1515
1438
1351
1264
1175
1077
982
885
791
704
637
586
552
550
593
701
875
1123
1423
1743
2052
2321
2534
2672
2744
2766
2738
2680
2593
2493
2390
2293
2206
2137
2081
2035
1989
1942
1889
1827
1763
1689
1612
1533
1453
1371
1292
1213
1139
1069
1016
998
1028
1141
1328
1579
1873
2173
2449
2677
2846
2956
3010
3012
2977
2907
2818
2718
2618
2526
2444
2375
2319
2270
2219
2168
2109
2042
1970
1888
1804
1714
1625
1533
1441
1351
1264
1190
1138
1126
1169
1277
1456
1687
1948
2204
2434
2618
2751
2826
2853
2843
2828
2772
2695
2600
2495
2393
2303
2221
2155
2096
2042
1991
1929
1861
1786
1704
1620
1533
1441
1354
1264
1180
1098
1023
965
939
959
1044
1197
1428
1704
1989
2245
2457
2613
2716
2764
2769
2736
2670
2588
2490
2393
2298
2216
2150
2091
2045
1999
1950
1896
1837
1774
1707
1635
1559
1484
1407
1333
1256
1187
1126
1082
1080
1126
1236
1413
1640
1897
2147
2375
2554
2682
2756
2787
2777
2736
2670
2588
2501
2416
2342
2280
2229
2186
2145
2104
2058
2009
1948
1881
1809
1733
1656
1579
1502
1428
1354
1250
1196
1169
1191
1274
1428
1635
1880
2133
2373
2573
2718
2812
2861
2863
2837
2818
2756
2670
2573
2473
2379
2293
2220
2155
2098
2047
1991
1934
1867
1797
1721
1641
1560
1476
1393
1309
1228
1150
1085
1040
1032
1080
1196
1374
1603
1859
2104
2322
2492
2610
2672
2694
2675
2624
2551
2459
2362
2265
2179
2107
2047
2003
1959
1915
1870
1818
1754
1685
1607
1524
1441
1358
1275
1198
1120
1054
1004
988
1021
1129
1306
1546
1823
2103
2352
2556
2711
2808
2858
2869
2841
2789
2714
2628
2540
2459
2390
2327
2280
2236
2191
2147
2094
2042
1981
1909
1834
1757
1677
1596
1519
1441
1367
1303
1264
1256
1300
1414
1585
1810
2064
2313
2542
2782
2918
3002
3032
3023
2978
2951
2872
2773
2665
2562
2463
2379
2306
2246
2189
2135
2075
2011
1936
1855
1764
1674
1578
1481
1388
1298
1207
1126
1066
1027
1045
1123
1283
1505
1779
2071
2348
2586
2770
2890
2954
2966
2936
2866
2767
2656
2535
2418
2312
2228
2156
2099
2045
1993
1936
1873
1807
1734
1656
1575
1487
1400
1310
1219
1132
1054
988
961
982
1075
1240
1481
1767
2065
2348
2586
2770
2890
2951
2963
2930
2863
2770
2665
2556
2457
2370
2297
2240
2192
2144
2093
2039
1978
1909
1831
1755
1674
1593
1515
1433
1355
1283
1220
1180
1183
1250
1388
1602
1873
2168
2466
2731
2939
3083
3171
3204
3192
3146
3116
3035
2930
2821
2736
2637
2553
2485
2429
2376
2323
2264
2196
2119
2038
1948
1843
1734
1622
1511
1393
1281
1179
1091
1036
1039
1110
1271
1507
1805
2125
2432
2702
2907
3034
3102
3109
3068
2991
2879
2755
2625
2504
2401
2311
2240
2177
2118
2060
1998
1920
1833
1743
1644
1545
1445
1349
1253
1160
1070
986
924
902
939
1048
1241
1507
1824
2140
2444
2696
2882
2994
3046
3043
2997
2916
2808
2693
2575
2463
2373
2292
2230
2177
2128
2072
2019
1948
1870
1784
1694
1601
1501
1408
1312
1219
1135
1060
1014
1014
1076
1222
1449
1740
2066
2385
2680
2913
3081
3180
3217
3205
3146
3059
2957
2845
2736
2643
2562
2497
2444
2391
2336
2277
2208
2128
2044
1962
1877
1786
1700
1609
1518
1427
1342
1271
1234
1243
1325
1487
1723
2008
2317
2616
2872
3063
3188
3247
3245
3191
3102
2989
2861
2733
2619
2519
2440
2374
2326
2286
2255
2224
2192
2158
2115
2062
1993
1902
1791
1666
1521
1374
1223
1083
981
927
952
1069
1271
1544
1854
2156
2423
2630
2767
2832
2841
2801
2724
2627
2513
2403
2298
2204
2127
2098
2042
1982
1922
1860
1786
1709
1626
1535
1439
1342
1242
1149
1052
964
879
810
773
787
884
1058
1317
1632
1970
2303
2593
2815
2972
3063
3094
3074
3017
2932
2826
2713
2604
2508
2426
2357
2300
2244
2187
2127
2065
1993
1914
1829
1740
1649
1558
1473
1385
1300
1226
1171
1152
1309
1406
1562
1779
2028
2286
2528
2720
2864
2952
2986
2981
2939
2869
2779
2679
2579
2484
2398
2328
2267
2208
2150
2091
2033
1962
1886
1808
1723
1640
1553
1467
1382
1301
1223
1155
1109
1102
1143
1253
1431
1662
1923
2184
2418
2610
2744
2825
2854
2840
2796
2723
2632
2542
2503
2413
2325
2250
2184
2128
2074
2028
1969
1909
1840
1764
1686
1606
1525
1442
1364
1286
1211
1145
1092
1065
1084
1160
1304
1511
1767
2035
2294
2515
2688
2796
2854
2867
2837
2776
2698
2606
2513
2430
2357
2298
2252
2213
2174
2135
2089
2040
1979
1913
1837
1759
1681
1603
1520
1442
1372
1306
1265
1258
1301
1411
1589
1821
2081
2340
2579
2769
2905
2988
3069
3061
3015
2941
2849
2749
2646
2552
2470
2398
2334
2278
2216
2152
2081
2009
1976
1904
1817
1728
1635
1543
1451
1364
1277
1200
1141
1116
1139
1233
1397
1625
1894
2170
2431
2646
2805
2900
2943
2936
2892
2820
2726
2621
2513
2414
2324
2250
2185
2124
2068
2017
1960
1899
1835
1768
1697
1617
1530
1441
1289
1187
1090
1004
946
930
971
1090
1284
1547
1848
2147
2424
2651
2817
2913
2960
2958
2913
2889
2872
2797
2692
2578
2473
2374
2288
2219
2161
2111
2061
2011
1951
1881
1804
1721
1638
1549
1461
1372
1286
1209
1134
1085
1065
1098
1201
1380
1624
1909
2208
2493
2731
2908
3018
3074
3079
3041
2966
2875
2770
2664
2554
2476
2408
2351
2303
2254
2198
2134
2066
1988
1902
1813
1716
1621
1527
1430
1341
1255
1185
1137
1131
1190
1323
1522
1778
2064
2344
2594
2793
2931
3003
3028
3006
2947
2864
2759
2646
2538
2438
2349
2276
2211
2155
2096
2039
1969
1896
1810
1724
1630
1538
1441
1350
1255
1169
1088
1026
991
1007
1091
1242
1471
1743
2037
2311
2554
2734
2853
2912
2923
2885
2818
2723
2613
2500
2392
2298
2217
2152
2098
2050
2001
1942
1880
1808
1729
1648
1562
1476
1390
1304
1223
1148
1080
1037
1034
1083
1204
1396
1651
1945
2236
2508
2734
2898
3004
3052
3052
3009
2941
2850
2748
2646
2554
2473
2405
2351
2303
2254
2201
2144
2077
2012
1932
1848
1762
1675
1589
1503
1420
1344
1279
1250
1263
1347
1501
1722
1985
2263
2532
2756
2923
3033
3082
3087
3047
2979
2888
2780
2667
2559
2462
2379
2306
2241
2182
2117
2050
1980
1899
1815
1727
1635
1541
1447
1352
1261
1174
1096
1040
1015
1048
1147
1323
1560
1840
2125
2395
2618
2785
2888
2934
2931
2893
2818
2723
2616
2508
2406
2316
2239
2177
2117
2061
2010
1945
1878
1802
1718
1632
1544
1454
1363
1274
1185
1107
1037
989
983
1040
1166
1366
1627
1918
2209
2473
2686
2839
2931
2966
2955
2904
2828
2734
2632
2529
2440
2363
2298
2244
2193
2147
2093
2039
1977
1905
1826
1745
1665
1578
1498
1417
1339
1269
1215
1193
1223
1312
1476
1705
1978
2265
2537
2769
2942
3055
3114
3122
3090
3025
2934
2829
2721
2621
2527
2449
2376
2314
2252
2187
2120
2047
1969
1880
1791
1694
1597
1500
1403
1307
1217
1140
1088
1069
1113
1226
1409
1657
1937
2220
2476
2686
2834
2923
2955
2945
2893
2810
2710
2602
2489
2389
2300
2225
2163
2107
2053
1999
1932
1862
1781
1697
1605
1517
1425
1336
1244
1158
1075
1008
962
959
1013
1145
1344
1603
1896
2185
2446
2656
2807
2893
2923
2909
2858
2777
2680
2586
2543
2449
2357
2282
2220
2168
2123
2074
2028
1967
1902
1829
1751
1670
1589
1508
1428
1347
1272
1202
1153
1132
1164
1264
1433
1668
1948
2233
2508
2740
2909
3020
3076
3082
3044
2977
2890
2788
2686
2589
2508
2435
2378
2325
2271
2214
2152
2077
2004
1915
1824
1727
1624
1527
1430
1339
1253
1180
1129
1120
1164
1282
1471
1721
1999
2282
2540
2745
2893
2982
3014
3001
2982
2928
2837
2729
2616
2500
2395
2306
2228
2160
2101
2044
1988
1918
1842
1762
1675
1589
1498
1406
1317
1228
1142
1064
999
962
970
1040
1183
1390
1657
1950
2228
2481
2675
2807
2879
2899
2874
2810
2718
2613
2505
2400
2306
2228
2160
2107
2058
2010
1953
1891
1824
1748
1670
1587
1503
1417
1331
1250
1172
1099
1042
1018
1042
1134
1296
1530
1813
2109
2395
2642
2834
2961
3031
3047
3023
2961
2874
2772
2670
2573
2486
2419
2362
2314
2274
2222
2163
2094
2025
1942
1854
1765
1677
1588
1500
1411
1331
1256
1203
1187
1225
1336
1516
1759
2039
2324
2590
2803
2957
3052
3090
3082
3063
3007
2919
2811
2692
2576
2471
2374
2293
2224
2163
2102
2042
1975
1898
1815
1726
1632
1536
1436
1342
1245
1151
1065
990
940
935
996
1126
1331
1602
1903
2202
2471
2672
2815
2901
2931
2915
2858
2772
2672
2559
2452
2352
2271
2198
2141
2087
2037
1983
1921
1851
1772
1692
1603
1514
1422
1333
1244
1158
1080
1015
980
991
1064
1210
1431
1703
2001
2290
2548
2750
2890
2971
3001
2982
2928
2850
2753
2653
2556
2470
2403
2341
2295
2247
2201
2147
2088
2023
1948
1864
1778
1692
1605
1519
1433
1355
1282
1234
1215
1247
1347
1517
1751
2026
2309
2578
2801
2969
3076
3128
3130
3090
3017
2920
2810
2699
2594
2500
2422
2354
2292
2231
2169
2099
2029
1945
1853
1759
1662
1565
1468
1377
1282
1196
1118
1061
1037
1072
1174
1352
1592
1872
2155
2419
2637
2799
2893
2936
2928
2882
2804
2705
2597
2489
2384
2298
2222
2160
2107
2058
2004
1945
1875
1799
1716
1627
1538
1447
1355
1266
1180
1093
1018
967
954
999
1110
1296
1549
1842
2136
2411
2634
2802
2901
2947
2945
2901
2828
2734
2632
2529
2440
2363
2295
2241
2193
2147
2096
2042
1983
1913
1843
1816
1743
1665
1581
1501
1420
1339
1266
1209
1177
1193
1272
1420
1641
1907
2190
2470
2712
2899
3025
3093
3109
3082
3020
2939
2837
2734
2637
2548
2473
2411
2354
2298
2236
2169
2093
2015
1923
1829
1732
1635
1538
1441
1347
1261
1180
1118
1089
1107
1199
1357
1587
1861
2142
2414
2640
2812
2920
2971
2974
2936
2866
2772
2662
2551
2443
2349
2271
2204
2141
2087
2034
1972
1905
1829
1751
1655
1563
1469
1375
1284
1190
1101
1023
963
932
960
1051
1220
1455
1746
2047
2329
2576
2758
2877
2932
2938
2897
2822
2725
2617
2506
2404
2316
2241
2183
2133
2086
2039
1986
1925
1856
1779
1701
1618
1533
1447
1364
1281
1206
1140
1093
1082
1126
1239
1425
1679
1970
2266
2542
2770
2841
2968
3063
3101
3090
3043
2966
2869
2761
2659
2568
2484
2421
2366
2313
2260
2205
2141
2072
1998
1909
1821
1726
1632
1538
1444
1350
1262
1189
1137
1134
1190
1322
1527
1787
2081
2366
2620
2822
2960
3035
3055
3032
2969
2880
2772
2661
2548
2446
2357
2280
2213
2155
2094
2034
1967
1890
1810
1721
1627
1530
1436
1342
1248
1156
1073
1001
954
980
1037
1166
1368
1627
1915
2198
2457
2662
2804
2885
2912
2891
2834
2750
2646
2538
2435
2338
2260
2193
2136
2087
2039
1988
1929
1859
1781
1702
1616
1525
1438
1352
1266
